35,5
35,4
35,3
35,2
35,1
35,0
0,529
0,528
0,527
0,526
0,525
0,524
0,523
0,522
0,521
0,520
0,519
0,518
0,517
0,516
0,515
0,514
0,513
32,2
0,278
0,9
0,512
0,472
32,1
32,3
29,1
29,3
31,1
31,3
0,273
0,270
3,2
3,1
3,3
10,124
10,118
10,244
10,230
10,72
10,232
10,262
10,1
10,116
10,2
10,3
11,28
11,19
11,5
11,23
11,20
11,30
11,21
11,1
11,7
11,2
11,3
9,7
9,6
9,1
9,4
9,2
9,3
8,17
8,18
8,10
8,16
8,8
8,12
8,1
8,14
8,2
8,3
12,2
12,1
12,3
20,2
20,1
20,3
19,2
19,1
19,3
18,1
18,3
13,1
13,3
2,2
2,1
2,3
14,1
14,3
0,0
39,34
39,33
39,32
39,31
39,30
39,29
